10000
2.8478e+11
5.63331e+11
8.35791e+11
1.10229e+12
1.36296e+12
1.61793e+12
1.86733e+12
2.11127e+12
2.34988e+12
2.58326e+12
2.81155e+12
3.03484e+12
3.25324e+12
3.46687e+12
3.67583e+12
3.88022e+12
4.08014e+12
4.27568e+12
4.46695e+12
4.65404e+12
4.83703e+12
5.01602e+12
5.1911e+12
5.36235e+12
5.52985e+12
5.69369e+12
5.85395e+12
6.0107e+12
6.16403e+12
6.314e+12
6.46069e+12
6.60417e+12
6.74451e+12
6.88179e+12
7.01606e+12
7.1474e+12
7.27586e+12
7.40152e+12
7.52442e+12
7.64464e+12
7.76223e+12
7.87725e+12
7.98975e+12
8.09979e+12
8.20742e+12
8.31271e+12
8.41568e+12
8.51641e+12
8.61493e+12
8.7113e+12
8.80556e+12
8.89776e+12
8.98794e+12
9.07615e+12
9.16244e+12
9.24683e+12
9.32938e+12
9.41012e+12
9.4891e+12
9.56635e+12
9.64191e+12
9.71582e+12
9.78811e+12
9.85882e+12
9.92798e+12
9.99564e+12
1.00618e+13
1.01265e+13
1.01898e+13
1.02518e+13
1.03123e+13
1.03716e+13
1.04295e+13
1.04862e+13
1.05417e+13
1.05959e+13
1.06489e+13
1.07008e+13
1.07516e+13
1.08012e+13
1.08498e+13
1.08973e+13
1.09437e+13
1.09891e+13
1.10336e+13
1.10771e+13
1.11196e+13
1.11612e+13
1.12019e+13
1.12416e+13
1.12806e+13
1.13186e+13
1.13559e+13
1.13923e+13
1.14279e+13
1.14628e+13
1.14969e+13
1.15302e+13
1.15628e+13
1.15947e+13
1.16259e+13
1.16564e+13
1.16863e+13
1.17155e+13
1.1744e+13
1.1772e+13
1.17993e+13
1.1826e+13
1.18521e+13
1.18777e+13
1.19027e+13
1.19272e+13
1.19511e+13
1.19745e+13
1.19974e+13
1.20198e+13
1.20417e+13
1.20631e+13
1.20841e+13
1.21046e+13
1.21246e+13
1.21442e+13
1.21634e+13
1.21822e+13
1.22005e+13
1.22185e+13
1.2236e+13
1.22532e+13
1.227e+13
1.22865e+13
1.23025e+13
1.23182e+13
1.23336e+13
1.23487e+13
1.23634e+13
1.23778e+13
1.23918e+13
1.24056e+13
1.24191e+13
1.24322e+13
1.24451e+13
1.24577e+13
1.247e+13
1.24821e+13
1.24939e+13
1.25054e+13
1.25167e+13
1.25277e+13
1.25385e+13
1.25491e+13
1.25594e+13
1.25695e+13
1.25794e+13
1.25891e+13
1.25985e+13
1.26078e+13
1.26168e+13
1.26257e+13
1.26343e+13
1.26428e+13
1.2651e+13
1.26591e+13
1.26671e+13
1.26748e+13
1.26824e+13
1.26898e+13
1.26971e+13
1.27041e+13
1.27111e+13
1.27179e+13
1.27245e+13
1.2731e+13
1.27373e+13
1.27435e+13
1.27496e+13
1.27556e+13
1.27614e+13
1.27671e+13
1.27726e+13
1.27781e+13
1.27834e+13
1.27886e+13
1.27937e+13
1.27986e+13
1.28035e+13
1.28083e+13
1.28129e+13
1.28175e+13
1.2822e+13
1.28263e+13
1.28306e+13
1.28347e+13
1.28388e+13
1.28428e+13
1.28467e+13
1.28505e+13
1.28543e+13
1.28579e+13
1.28615e+13
1.2865e+13
1.28684e+13
1.28718e+13
1.2875e+13
1.28782e+13
1.28814e+13
1.28844e+13
1.28874e+13
1.28903e+13
1.28932e+13
1.2896e+13
1.28987e+13
1.29014e+13
1.2904e+13
1.29066e+13
1.29091e+13
1.29116e+13
1.2914e+13
1.29163e+13
1.29186e+13
1.29209e+13
1.29231e+13
1.29252e+13
1.29273e+13
1.29294e+13
1.29314e+13
1.29333e+13
1.29353e+13
1.29371e+13
1.2939e+13
1.29408e+13
1.29425e+13
1.29443e+13
1.29459e+13
1.29476e+13
1.29492e+13
1.29508e+13
1.29523e+13
1.29538e+13
1.29553e+13
1.29568e+13
1.29582e+13
1.29595e+13
1.29609e+13
1.29622e+13
1.29635e+13
1.29648e+13
1.2966e+13
1.29672e+13
1.29684e+13
1.29696e+13
1.29707e+13
1.29718e+13
1.29729e+13
1.29739e+13
1.2975e+13
1.2976e+13
1.2977e+13
1.29779e+13
1.29789e+13
1.29798e+13
1.29807e+13
1.29816e+13
1.29825e+13
1.29833e+13
1.29842e+13
1.2985e+13
1.29858e+13
1.29865e+13
1.29873e+13
1.2988e+13
1.29888e+13
1.29895e+13
1.29902e+13
1.29909e+13
1.29915e+13
1.29922e+13
1.29928e+13
1.29934e+13
1.2994e+13
1.29946e+13
1.29952e+13
1.29958e+13
1.29964e+13
1.29969e+13
1.29974e+13
1.2998e+13
1.29985e+13
1.2999e+13
1.29994e+13
1.29999e+13
1.30004e+13
1.30009e+13
1.30013e+13
1.30017e+13
1.30022e+13
1.30026e+13
1.3003e+13
1.30034e+13
1.30038e+13
1.30042e+13
1.30045e+13
1.30049e+13
1.30053e+13
1.30056e+13
1.3006e+13
1.30063e+13
1.30066e+13
1.30069e+13
1.30073e+13
1.30076e+13
1.30079e+13
1.30082e+13
1.30084e+13
1.30087e+13
1.3009e+13
1.30093e+13
1.30095e+13
1.30098e+13
1.301e+13
1.30103e+13
1.30105e+13
1.30108e+13
1.3011e+13
1.30112e+13
1.30114e+13
1.30117e+13
1.30119e+13
1.30121e+13
1.30123e+13
1.30125e+13
1.30127e+13
1.30128e+13
1.3013e+13
1.30132e+13
1.30134e+13
1.30136e+13
1.30137e+13
1.30139e+13
1.30141e+13
1.30142e+13
1.30144e+13
1.30145e+13
1.30147e+13
1.30148e+13
1.3015e+13
1.30151e+13
1.30152e+13
1.30154e+13
1.30155e+13
1.30156e+13
1.30157e+13
1.30159e+13
1.3016e+13
1.30161e+13
1.30162e+13
1.30163e+13
1.30164e+13
1.30165e+13
1.30166e+13
1.30167e+13
1.30168e+13
1.30169e+13
1.3017e+13
1.30171e+13
1.30172e+13
1.30173e+13
1.30174e+13
1.30175e+13
1.30176e+13
1.30176e+13
1.30177e+13
1.30178e+13
1.30179e+13
1.3018e+13
1.3018e+13
1.30181e+13
1.30182e+13
1.30182e+13
1.30183e+13
1.30184e+13
1.30184e+13
1.30185e+13
1.30186e+13
1.30186e+13
1.30187e+13
1.30187e+13
1.30188e+13
1.30188e+13
1.30189e+13
1.30189e+13
1.3019e+13
1.3019e+13
1.30191e+13
1.30191e+13
1.30192e+13
1.30192e+13
1.30193e+13
1.30193e+13
1.30194e+13
1.30194e+13
1.30195e+13
1.30195e+13
1.30195e+13
1.30196e+13
1.30196e+13
1.30196e+13
1.30197e+13
1.30197e+13
1.30197e+13
1.30198e+13
1.30198e+13
1.30198e+13
1.30199e+13
1.30199e+13
1.30199e+13
1.302e+13
1.302e+13
1.302e+13
1.30201e+13
1.30201e+13
1.30201e+13
1.30201e+13
1.30202e+13
1.30202e+13
1.30202e+13
1.30202e+13
1.30203e+13
1.30203e+13
1.30203e+13
1.30203e+13
1.30203e+13
1.30204e+13
1.30204e+13
1.30204e+13
1.30204e+13
1.30204e+13
1.30205e+13
1.30205e+13
1.30205e+13
1.30205e+13
1.30205e+13
1.30205e+13
1.30206e+13
1.30206e+13
1.30206e+13
1.30206e+13
1.30206e+13
1.30206e+13
1.30207e+13
1.30207e+13
1.30207e+13
1.30207e+13
1.30207e+13
1.30207e+13
1.30207e+13
1.30207e+13
1.30208e+13
1.30208e+13
1.30208e+13
1.30208e+13
1.30208e+13
1.30208e+13
1.30208e+13
1.30208e+13
1.30208e+13
1.30209e+13
1.30209e+13
1.30209e+13
1.30209e+13
1.30209e+13
1.30209e+13
1.30209e+13
1.30209e+13
1.30209e+13
1.30209e+13
1.30209e+13
1.30209e+13
1.3021e+13
1.3021e+13
1.3021e+13
1.3021e+13
1.3021e+13
1.3021e+13
1.3021e+13
1.3021e+13
1.3021e+13
1.3021e+13
1.3021e+13
1.3021e+13
1.3021e+13
1.3021e+13
1.3021e+13
1.3021e+13
1.30211e+13
1.30211e+13
1.30211e+13
1.30211e+13
1.30211e+13
1.30211e+13
1.30211e+13
1.30211e+13
1.30211e+13
1.30211e+13
1.30211e+13
1.30211e+13
1.30211e+13
1.30211e+13
1.30211e+13
1.30211e+13
1.30211e+13
1.30211e+13
1.30211e+13
1.30211e+13
1.30211e+13
1.30211e+13
1.30211e+13
1.30211e+13
1.30211e+13
1.30212e+13
1.30212e+13
1.30212e+13
1.30212e+13
1.30212e+13
1.30212e+13
1.30212e+13
1.30212e+13
1.30212e+13
1.30212e+13
1.30212e+13
1.30212e+13
1.30212e+13
1.30212e+13
1.30212e+13
1.30212e+13
1.30212e+13
1.30212e+13
1.30212e+13
1.30212e+13
1.30212e+13
1.30212e+13
1.30212e+13
1.30212e+13
1.30212e+13
1.30212e+13
1.30212e+13
1.30212e+13
1.30212e+13
1.30212e+13
1.30212e+13
1.30212e+13
1.30212e+13
1.30212e+13
1.30212e+13
1.30212e+13
1.30212e+13
1.30212e+13
1.30212e+13
1.30212e+13
1.30212e+13
1.30212e+13
1.30212e+13
1.30212e+13
1.30212e+13
1.30212e+13
1.30212e+13
1.30212e+13
1.30212e+13
1.30212e+13
1.30212e+13
1.30212e+13
1.30212e+13
1.30212e+13
1.30212e+13
1.30212e+13
1.30212e+13
1.30212e+13
1.30212e+13
1.30213e+13
1.30213e+13
1.30213e+13
1.30213e+13
1.30213e+13
1.30213e+13
1.30213e+13
1.30213e+13
1.30213e+13
1.30213e+13
1.30213e+13
1.30213e+13
1.30213e+13
1.30213e+13
1.30213e+13
1.30213e+13
1.30213e+13
1.30213e+13
1.30213e+13
1.30213e+13
1.30213e+13
1.30213e+13
1.30213e+13
1.30213e+13
1.30213e+13
1.30213e+13
1.30213e+13
1.30213e+13
1.30213e+13
1.30213e+13
1.30213e+13
1.30213e+13
1.30213e+13
1.30213e+13
1.30213e+13
1.30213e+13
1.30213e+13
1.30213e+13
1.30213e+13
1.30213e+13
1.30213e+13
1.30213e+13
1.30213e+13
1.30213e+13
1.30213e+13
1.30213e+13
1.30213e+13
1.30213e+13
1.30213e+13
1.30213e+13
1.30213e+13
1.30213e+13
1.30213e+13
1.30213e+13
1.30213e+13
1.30213e+13
1.30213e+13
1.30213e+13
1.30213e+13
1.30213e+13
1.30213e+13
1.30213e+13
1.30213e+13
1.30213e+13
1.30213e+13
1.30213e+13
1.30213e+13
1.30213e+13
1.30213e+13
1.30213e+13
1.30213e+13
1.30213e+13
1.30213e+13
1.30213e+13
1.30213e+13
1.30213e+13
1.30213e+13
1.30213e+13
1.30213e+13
1.30213e+13
1.30213e+13
1.30213e+13
1.30213e+13
1.30213e+13
1.30213e+13
1.30213e+13
1.30213e+13
1.30213e+13
1.30213e+13
1.30213e+13
1.30213e+13
1.30213e+13
1.30213e+13
1.30213e+13
1.30213e+13
1.30213e+13
1.30213e+13
1.30213e+13
1.30213e+13
1.30213e+13
1.30213e+13
1.30213e+13
1.30213e+13
1.30213e+13
1.30213e+13
1.30213e+13
1.30213e+13
1.30213e+13
1.30213e+13
1.30213e+13
1.30213e+13
1.30213e+13
1.30213e+13
1.30213e+13
1.30213e+13
1.30213e+13
1.30213e+13
1.30213e+13
1.30213e+13
1.30213e+13
1.30213e+13
1.30213e+13
1.30213e+13
1.30213e+13
1.30213e+13
1.30213e+13
1.30213e+13
1.30213e+13
1.30213e+13
1.30213e+13
1.30213e+13
1.30213e+13
1.30213e+13
1.30213e+13
1.30213e+13
1.30213e+13
1.30213e+13
1.30213e+13
1.30213e+13
1.30213e+13
1.30213e+13
1.30213e+13
1.30213e+13
1.30213e+13
1.30213e+13
1.30213e+13
1.30213e+13
1.30213e+13
1.30213e+13
1.30213e+13
1.30213e+13
1.30213e+13
1.30213e+13
1.30213e+13
1.30213e+13
1.30213e+13
1.30213e+13
1.30213e+13
1.30213e+13
1.30213e+13
1.30213e+13
1.30213e+13
1.30213e+13
1.30213e+13
1.30213e+13
1.30213e+13
1.30213e+13
1.30213e+13
1.30213e+13
1.30213e+13
1.30213e+13
1.30213e+13
1.30213e+13
1.30213e+13
1.30213e+13
1.30213e+13
1.30213e+13
1.30213e+13
1.30213e+13
1.30213e+13
1.30213e+13
1.30213e+13
1.30213e+13
1.30213e+13
1.30213e+13
1.30213e+13
1.30213e+13
1.30213e+13
1.30213e+13
1.30213e+13
1.30213e+13
1.30213e+13
1.30213e+13
1.30213e+13
1.30213e+13
1.30213e+13
1.30213e+13
1.30213e+13
1.30213e+13
1.30213e+13
1.30213e+13
1.30213e+13
1.30213e+13
1.30213e+13
1.30213e+13
1.30213e+13
1.30213e+13
1.30213e+13
1.30213e+13
1.30213e+13
1.30213e+13
1.30213e+13
1.30213e+13
1.30213e+13
1.30213e+13
1.30213e+13
1.30213e+13
1.30213e+13
1.30213e+13
1.30213e+13
1.30213e+13
1.30213e+13
1.30213e+13
1.30213e+13
1.30213e+13
1.30213e+13
1.30213e+13
1.30213e+13
1.30213e+13
1.30213e+13
1.30213e+13
1.30213e+13
1.30213e+13
1.30213e+13
1.30213e+13
1.30213e+13
1.30213e+13
1.30213e+13
1.30213e+13
1.30213e+13
1.30213e+13
1.30213e+13
1.30213e+13
1.30213e+13
1.30213e+13
1.30213e+13
1.30213e+13
1.30213e+13
1.30213e+13
1.30213e+13
1.30213e+13
1.30213e+13
1.30213e+13
1.30213e+13
1.30213e+13
1.30213e+13
1.30213e+13
1.30213e+13
1.30213e+13
1.30213e+13
1.30213e+13
1.30213e+13
1.30213e+13
1.30213e+13
1.30213e+13
1.30213e+13
1.30213e+13
1.30213e+13
1.30213e+13
1.30213e+13
1.30213e+13
1.30213e+13
1.30213e+13
1.30213e+13
1.30213e+13
1.30213e+13
1.30213e+13
1.30213e+13
1.30213e+13
1.30213e+13
1.30213e+13
1.30213e+13
1.30213e+13
1.30213e+13
1.30213e+13
1.30213e+13
1.30213e+13
1.30213e+13
1.30213e+13
1.30213e+13
1.30213e+13
1.30213e+13
1.30213e+13
1.30213e+13
1.30213e+13
1.30213e+13
1.30213e+13
1.30213e+13
1.30213e+13
1.30213e+13
1.30213e+13
1.30213e+13
1.30213e+13
1.30213e+13
1.30213e+13
1.30213e+13
1.30213e+13
1.30213e+13
1.30213e+13
1.30213e+13
1.30213e+13
1.30213e+13
1.30213e+13
1.30213e+13
1.30213e+13
1.30213e+13
1.30213e+13
1.30213e+13
1.30213e+13
1.30213e+13
1.30213e+13
1.30213e+13
1.30213e+13
1.30213e+13
1.30213e+13
1.30213e+13
1.30213e+13
1.30213e+13
1.30213e+13
1.30213e+13
1.30213e+13
1.30213e+13
1.30213e+13
1.30213e+13
1.30213e+13
1.30213e+13
1.30213e+13
1.30213e+13
1.30213e+13
1.30213e+13
1.30213e+13
1.30213e+13
1.30213e+13
1.30213e+13
1.30213e+13
1.30213e+13
1.30213e+13
1.30213e+13
1.30213e+13
1.30213e+13
1.30213e+13
1.30213e+13
1.30213e+13
1.30213e+13
1.30213e+13
1.30213e+13
1.30213e+13
1.30213e+13
1.30213e+13
1.30213e+13
1.30213e+13
1.30213e+13
1.30213e+13
1.30213e+13
1.30213e+13
1.30213e+13
1.30213e+13
1.30213e+13
1.30213e+13
1.30213e+13
1.30213e+13
1.30213e+13
1.30213e+13
1.30213e+13
1.30213e+13
1.30213e+13
1.30213e+13
1.30213e+13
1.30213e+13
1.30213e+13
1.30213e+13
1.30213e+13
1.30213e+13
1.30213e+13
1.30213e+13
1.30213e+13
1.30213e+13
1.30213e+13
1.30213e+13
1.30213e+13
1.30213e+13
1.30213e+13
1.30213e+13
1.30213e+13
1.30213e+13
1.30213e+13
1.30213e+13
1.30213e+13
1.30213e+13
1.30213e+13
1.30213e+13
1.30213e+13
1.30213e+13
1.30213e+13
1.30213e+13
1.30213e+13
1.30213e+13
1.30213e+13
1.30213e+13
1.30213e+13
1.30213e+13
1.30213e+13
1.30213e+13
1.30213e+13
1.30213e+13
1.30213e+13
1.30213e+13
1.30213e+13
1.30213e+13
1.30213e+13
1.30213e+13
1.30213e+13
1.30213e+13
